0 1 7.9085100e+13
0 2 1.0485339e+04
1 2 7.3268145e+09
1 3 2.0575729e+10
2 3 3.2438546e+15
2 4 4.2588069e+12
3 4 3.5491502e+07
3 5 3.3206150e+08
4 5 1.7207726e+16
4 6 3.0352162e+12
5 6 5.2421358e+15
5 7 1.2766610e+10
6 7 9.8958710e+11
6 8 8.4614049e+13
7 8 7.8301652e+14
7 9 3.8915360e+08
8 9 1.4951546e+16
8 10 1.8836890e+13
9 10 3.1390345e+16
9 11 1.0844612e+06
10 11 1.8284708e+06
10 12 8.4580814e-06
11 12 1.7114652e+09
11 13 3.2380174e+04
12 13 1.2656854e+15
12 14 3.5436082e+03
13 14 7.1058352e+06
13 15 3.4208154e+10
14 15 1.3016405e+15
14 16 0.0000000e+00
15 16 1.0000000e+30
1 0 6.5301368e+15
2 0 2.5156894e+12
2 1 2.1289337e+16
3 1 1.2136178e+06
3 2 2.8596754e+03
4 2 1.9571992e+11
4 3 2.2484610e+15
5 3 1.6669788e+09
5 4 3.3567004e+08
6 4 3.4870775e+02
6 5 3.0873875e+13
7 5 1.7347757e+07
7 6 5.1092840e+11
8 6 4.1779261e+08
8 7 2.3842946e+10
9 7 9.7963545e+01
9 8 4.0412512e+13
10 8 3.8890395e+06
10 9 2.3977256e+12
11 9 1.0349059e+11
11 10 4.8739566e+15
12 10 4.5215070e+09
12 11 3.7998006e+14
13 11 9.9064664e+09
13 12 1.7840104e+15
14 12 8.8457705e+12
14 13 1.2584428e+16
15 13 7.5636058e+05
15 14 1.2677072e-01
16 14 0.0000000e+00
16 15 0.0000000e+00
